23126
23134
6506
6505
22361
22914
22915
22952
22806
22795
22951
22950
22412
22401
19895
22653
11913
22654
22637
22638
22639
22640
22641
20700
20701
20702
22575
22576
22577
22578
22579
22580
22611
9225
9035
9008
22388
22426
22455
19894
19893
22392
22391
22390
13758
19726
22103
21900
22216
22082
22165
22289
22353
21965
21997
21987
21964
20358
20356
17712
13743
13744
20678
20679
21294
21957
21319
19888
9481
9482
21548
21549
21399
21398
21397
21396
21520
21521
21522
20280
20381
20382
20223
21537
21536
21535
21534
21691
21694
21695
21108
21109
21110
21111
20681
20672
20020
21524
21523
19210
21510
21509
21508
16040
20933
2614
2616
21098
21097
21096
21095
20913
20912
20911
21130
21001
20942
20943
13882
20564
20563
20360
20760
20759
19280
19279
16600
20568
20569
20570
20571
20572
21090
21091
21092
21093
19193
19318
19194
20710
20709
20363
19198
19341
19340
17478
17570
17609
17637
20853
20854
20855
20856
20790
20789
20788
20368
20367
20192
19321
19838
19857
11096
11097
11098
11099
20449
20509
20512
20355
20354
10674
20519
20520
20521
20243
20178
20137
20490
20489
20488
20487
7705
3699
19750
19752
19753
20322
20323
20324
20325
20326
20327
20328
20329
20330
20331
20332
20333
20303
20302
20301
19692
20285
20284
20283
20282
16428
16427
16426
16425
16424
19554
19553
19552
19551
19765
19892
19811
19827
20024
19632
19675
19700
7654
19796
19797
19798
19793
19794
19795
19790
19791
19792
19787
19788
19789
19387
19386
19385
16497
19634
19656
19590
19591
19592
19593
19162
19594
19504
19503
19502
19501
19267
19265
19266
19515
19514
19292
17508
17610
17641
19529
19528
19527
19526
12461
12548
12616
19426
19427
19428
19431
19430
19429
19434
19433
19432
19437
19436
19435
19354
19307
19371
14182
19138
19060
19059
19061
19062
19343
19344
19345
19342
17219
17804
16126
17862
17324
14418
17781
17782
17783
17784
16769
16794
16792
17876
17877
17878
17242
17241
17100
17875
17855
16123
17218
17217
17216
17215
14119
14388
14265
14298
17355
17354
17353
13852
13851
13850
17358
17357
17356
17361
17360
17359
17769
17768
17767
17766
16916
16954
16957
16969
17592
17593
17594
16646
16687
16688
16689
17146
17145
17144
16615
16627
13564
13548
13528
17405
16630
17303
17304
17302
16965
17053
17301
17139
15389
14633
17074
17072
17062
17008
17208
17209
16860
16917
16941
16970
17163
17055
17054
16043
16061
16062
16059
13655
13518
13242
16585
16586
16587
16588
16881
16882
16883
16884
16734
16731
16120
16437
14151
16315
16357
15261
15624
14385
15016
15081
14287
14775
14715
12815
12816
12817
15542
16445
16438
16439
16440
16444
16442
12839
13016
13103
13177
16145
16144
16143
10324
16034
16072
16074
16032
14185
14267
14240
16013
16012
16011
16019
16018
16017
16016
16015
16014
9721
15900
15902
15899
15876
15892
15893
15484
15483
15482
15698
15701
15696
15680
15679
15689
15688
15546
15547
15548
15550
15551
15287
15511
15513
15227
15521
15524
15523
15522
15276
15275
15274
15273
15218
15219
15221
13379
13330
12843
15370
9613
7005
14749
14719
15200
15198
15201
15177
13770
14832
14833
7898
14813
14800
14492
14658
14657
14656
14892
14893
14894
14815
14816
14817
14325
14113
14114
12696
14326
12626
12814
14629
14619
14609
13633
13634
13635
13636
13820
14317
14318
14319
13871
13870
13869
14122
14121
14120
13509
13508
13500
13531
13532
13533
14095
14096
14097
12527
14080
12525
12524
13917
13916
13915
13914
13940
13873
13938
13872
13736
13819
13902
13866
13867
13868
13053
13052
10579
13480
13665
13427
13081
13082
12990
12281
12253
11693
12544
12504
13709
13707
12130
12142
12245
13670
11971
11970
11969
13525
13417
13416
13415
13524
12567
12780
12781
12782
12783
13251
13250
13248
13249
13348
13474
13475
13219
13220
13218
13217
13269
13268
13267
13266
13265
6332
6333
6144
12204
12459
13005
13013
13077
13238
13239
13240
10792
13173
13175
13174
12966
13223
13225
13222
13141
13142
12566
13145
13146
13147
13144
12707
12706
12705
12704
12836
12835
12834
6673
12587
12667
12685
12686
12687
12405
12404
11794
10811
12159
12160
12071
12072
12073
12070
9801
9774
9775
9331
12766
12765
12551
12558
12560
12121
12120
12119
12118
12148
12147
12146
12277
12278
12283
12284
12285
12287
12517
12215
12282
12286
12516
12518
12495
12494
12496
12497
12371
12435
12440
12064
12063
12207
12248
12208
10823
10822
12187
12188
12189
12190
11634
11633
11572
11846
11845
11844
12065
12379
12028
11165
12275
12172
12176
12175
10084
10128
12173
12174
9337
9336
12194
12195
12196
10414
10413
10236
6070
6053
6037
10023
10024
12012
12001
11825
9335
10190
10561
8848
5186
5185
4551
11938
11937
11936
11199
11271
11283
10101
11826
11824
11312
11648
11645
11646
11647
9278
9276
9277
11212
11014
11024
11040
11861
11862
11863
11173
11172
11128
11755
11754
11753
11752
11481
11334
11583
11238
11237
11236
11235
8907
8908
8890
11706
11705
11704
11637
11636
10705
10704
10703
8824
11655
11654
11593
11598
11566
11565
11564
11623
11622
11621
11483
11429
10956
11489
11490
11491
11492
11493
10706
10707
10708
10524
10523
10428
10838
10209
10839
11371
11368
11359
10229
10545
10544
10543
11186
11185
11184
11183
11201
11202
11068
11162
11161
11160
10528
11083
11084
11085
10793
11007
11010
11008
11009
11006
10665
10664
9778
10992
10991
10773
11001
11000
10998
10997
10996
10957
10521
10514
10360
10522
10667
10666
10755
10756
10757
10758
10759
10032
10031
10030
9954
9955
10716
10715
10518
10519
10520
10712
10711
10680
10687
10690
10506
9952
9950
9926
9925
9924
10630
10631
10632
10633
10634
10635
10636
10637
10638
10344
10285
10284
10455
10454
10453
8287
8286
10025
10248
10092
10104
10138
9867
10343
10340
10341
10336
9866
10346
9868
10319
10317
9813
9814
9815
9894
9808
9807
9764
9776
9794
7774
7737
7730
10102
9705
9921
8452
8451
8450
10117
9704
9923
9703
9922
8614
9616
8539
10051
10050
10048
10049
9489
8637
9487
8636
9297
9296
9295
9294
9948
9949
9946
9947
9891
9890
9917
8982
9918
9883
9871
9485
9484
9483
9820
9822
9823
9821
9818
9248
9249
9780
9781
9782
9413
9765
9241
9242
9243
9244
9642
9519
9612
9578
9609
9531
9580
8746
8745
8744
8950
8953
8951
9564
9568
9562
9561
9496
9492
9490
8635
9472
9456
9441
9440
9457
6502
9309
9305
9270
9307
7905
7904
8206
9378
9379
9380
3070
3069
3068
9272
9105
6015
6040
6039
8954
8957
8955
8956
9051
9050
9049
9012
9011
8994
9180
9183
8828
8827
8826
7763
8255
8240
8234
8218
8684
8687
8985
8984
8435
8436
8437
8438
8431
8432
8433
8932
8149
8148
8147
1268
1266
1267
8988
8989
8990
8991
7157
7277
7221
9001
9024
9026
8966
8967
8968
8969
8980
6981
8979
8981
8978
8581
8579
8504
8829
8971
8940
8892
8652
8408
8672
8673
8865
8674
8781
8895
6930
6967
6985
8133
8103
8102
8197
8198
6086
6087
6088
6681
6964
6682
8738
8739
8740
8737
8213
8405
8402
8403
8602
8603
6387
8784
8786
6458
8735
8734
8733
8732
8731
8712
8708
8709
8710
8714
8715
7339
8472
8630
8611
8613
8610
8612
6841
7743
7744
7827
7824
7940
7914
8471
8482
8481
8560
8522
8538
8537
8536
8567
8563
8565
8524
5516
5546
5545
8367
8366
8365
8364
7808
7809
7807
8430
8207
7871
8457
8391
8456
8454
8461
8462
8463
8303
8321
8305
8306
6200
6201
6202
6485
8330
8331
8332
8027
7445
7438
7444
7975
7974
7970
7864
7863
7862
8141
8140
8139
8138
7783
7782
7781
7780
7880
7881
7879
8170
8171
8172
8157
8159
8158
8156
8155
8154
8153
7721
7722
5620
7847
7846
7973
8042
7972
8024
8022
7854
7853
7852
8011
8012
8013
8014
8015
8010
8001
8002
8005
6769
7981
7980
7950
7949
7991
7990
7989
7987
7935
7936
7937
7938
7778
7441
7837
7909
7908
7588
7589
7590
7591
7878
7832
7793
7080
7760
7761
7433
7432
6679
6677
6672
7739
7752
7754
6096
6097
6098
7712
7713
7703
7587
7586
7585
7630
7629
7628
7467
7663
7525
7522
7521
7409
7435
7661
7650
7651
7649
7648
7335
7336
7337
7604
7603
7602
7570
7571
7572
7573
7574
7584
7583
7582
7581
7562
7402
7403
7401
6460
7087
7459
7456
7455
7454
7449
7413
7412
7227
7220
6573
6819
7352
7353
7313
7312
7311
7343
7263
7262
7261
7269
7231
6104
7229
6913
6997
6979
7081
7103
6912
7143
7144
7145
7122
7123
7124
7121
7120
7070
7063
7067
7048
7027
7024
7032
7033
7034
7035
6657
6980
6911
6935
6658
6659
6676
5222
5221
5220
7050
7051
7049
7042
7041
7040
7039
6976
6950
6961
6986
6953
6956
5840
2315
2316
2317
6723
6843
6803
6802
6943
6522
6516
6938
6940
6941
6942
6939
6654
6801
6922
6877
6878
6879
6880
6881
6883
6876
6811
6809
6810
6820
6416
6736
6735
6737
6547
6600
6601
6548
6774
6340
6773
6775
6776
6777
6655
6594
6415
6414
6666
6667
6668
6669
6670
6076
6075
6074
6425
6438
6439
6349
6617
6613
6452
6388
6389
5540
6405
6406
6407
6409
6545
6541
6285
6512
6511
6510
6509
6434
5834
5833
5832
5831
5194
5193
5323
6424
5962
6358
6360
6357
6366
5960
6341
6275
5734
5712
6348
6174
5861
6356
6355
6354
6353
6352
5931
5933
6309
6308
6307
6306
6182
6175
6161
5781
5780
5779
6072
6209
6206
5876
5878
5977
5057
5877
5880
6172
6173
6171
6170
5473
5474
5472
6164
6163
6141
6095
6094
1352
6093
6092
6100
6082
6083
6057
5890
5767
5773
5774
5825
5824
5823
5293
5978
5979
5626
5625
5624
5810
5804
5809
5806
5171
5173
5172
5174
5821
5081
5058
5882
5060
5860
5859
5856
5854
5852
5851
5829
5828
5826
5827
5777
5778
5723
5725
5724
5726
5727
5728
5698
5697
5696
5695
5648
5647
5512
5510
5559
5558
5556
5208
5207
5414
5415
5416
5511
5557
5206
5509
5520
5521
5522
5500
5502
5380
5412
4520
4519
3748
5463
5462
5464
5274
5273
5272
5271
3677
4569
4496
4573
4572
5388
5389
5390
5381
5382
5383
5384
4260
4261
4262
5334
5333
5332
5331
5006
3671
3672
3676
3675
3673
3678
3674
5270
5269
5268
5267
5243
5252
5253
5254
5255
5109
5212
5211
5210
5209
5036
5014
5029
4510
4915
5096
5097
5098
1353
1351
1350
4836
4837
4835
4838
4839
4840
5047
5013
5017
4825
4468
4470
4985
4984
4983
4548
4420
4937
4727
4908
4906
4907
4909
4910
4849
4848
4846
4847
4843
4842
1236
4494
4583
4495
4456
3741
4792
4731
4384
4375
3659
3666
3660
4313
3857
4480
4479
4478
4477
4465
4464
4463
4462
4263
4228
4227
4226
1722
1724
1731
4315
4316
3603
4207
4208
4236
4232
4231
4230
3737
4246
4245
4244
4239
4241
4238
4237
3541
3539
3540
3580
4144
4145
4136
4173
4172
3008
1367
1385
1178
1392
3036
3167
3346
1417
1416
2056
1885
3692
2477
1279
1315
1390
3300
4137
4138
4006
3912
3913
3910
3909
3859
3920
3919
3918
4001
3998
4002
4000
4093
3983
3984
3982
1159
1157
2476
2474
2473
1288
1289
3981
3977
2738
4016
4017
4015
3933
3934
3935
3936
3900
3899
3898
3862
3754
3753
3752
3855
3853
3856
3830
3757
3756
3735
3734
3755
3700
3693
3691
3690
3694
3705
3405
3701
3686
3683
3391
3617
2593
2588
3581
3579
3624
3623
3622
3621
3569
3571
3570
3576
3573
3543
3542
3505
3582
3502
3501
3500
2928
2954
3430
3431
3432
3421
3420
3419
3418
3417
3415
3493
3494
3495
3333
3334
3497
3442
3006
3010
3482
3386
3382
3381
3380
3379
3347
3345
3375
3363
3364
3365
3368
3367
3366
3355
3361
3312
3311
3310
2951
3204
3203
3296
3295
3294
3293
3262
3252
3253
3254
3241
3240
3239
3238
2384
3166
3209
3210
3147
3076
3077
3078
3163
3164
3162
3165
2908
3155
3154
3153
1863
1865
1864
1866
1862
3118
3117
3116
2824
3066
3067
3113
3114
3115
3090
3091
1845
2856
3080
3051
2992
2990
2991
2989
3057
2899
2816
2839
1859
1861
1673
1672
1670
1671
1674
2862
2861
2860
2859
2942
2947
2943
2907
2705
2259
2937
2936
2892
2923
2911
2906
2905
2894
2895
2912
2896
2920
2921
2922
2826
2913
2825
2891
2893
2796
2814
2815
2810
2812
2811
2884
2885
2887
2886
2612
2611
2610
2613
2632
2631
2065
2066
2067
2064
2833
2795
2817
2794
2792
2836
2830
2829
2693
2692
2505
2504
2503
2502
2501
2674
2673
2671
2755
2757
2756
2709
2710
2711
2592
2771
2772
2763
2762
2761
2760
2169
2753
2667
2668
2666
2185
2414
2415
2416
2561
2603
2564
2563
2650
2649
2633
2576
2469
2466
2514
2540
2060
2243
2289
2486
2485
2484
2483
2482
2475
2478
2455
2456
2457
2339
2338
2340
2373
2375
2374
2372
2287
2286
2285
2284
2344
2345
2380
2381
2382
2383
2326
2328
2329
2155
2154
2153
2152
2163
2165
2162
2166
2164
2258
2257
2256
2255
2148
2167
2209
2212
2211
2210
2161
2160
2159
2158
2157
2176
2174
2175
2177
2205
2188
2187
2086
2087
2085
2088
1979
1980
1981
2114
2115
2116
2101
2102
2103
2104
2109
2106
2108
2080
2082
2081
2083
2001
2002
2000
2058
2055
2057
2059
1869
1868
1870
1871
1867
1988
1989
2005
2006
2004
1895
1896
1897
1898
1899
1984
1985
1976
1978
1875
1886
1891
1889
1890
1888
1887
1841
1746
1842
1850
1854
1853
1852
1851
1768
1843
1844
1855
1856
1857
1900
1901
1872
1873
1874
1876
1877
1878
1879
1892
1893
1894
1655
1654
1656
1657
1343
1340
1814
1425
1818
1407
1613
1612
1611
1614
1610
1599
1601
1603
1602
1604
1600
1595
1583
1586
1585
1584
1541
1540
1539
1570
1571
1572
1573
1553
1552
1554
1551
1545
1543
1542
1544
1526
1525
1524
1521
1522
1523
1520
1564
1563
1565
1566
1643
1641
1642
1644
1732
1744
1743
1741
1745
1742
1662
1660
1659
1658
1661
1579
1582
1581
1580
1536
1534
1538
1535
1537
1569
1647
1567
1568
1559
1562
1560
1561
1590
1588
1587
1648
1649
1650
1651
1653
1652
1605
1606
1607
1608
1622
1623
1624
1546
1547
1548
1549
1550
1625
1626
1627
1634
1636
1635
1637
1638
1464
1466
1467
1465
1459
1458
1457
1456
1435
1439
1438
1437
1436
1666
1667
1668
1669
1663
1664
1665
1380
1378
1379
1688
1645
1646
1689
1690
1691
1692
1679
1680
1681
1682
1697
1515
1519
1518
1517
1516
1675
1676
1677
1678
1684
1685
1686
1687
1514
1513
1512
1511
1510
1698
1699
1701
1704
1705
1706
1707
1708
1709
1330
1331
1446
1447
1441
1442
1444
1443
1445
1448
1449
1450
1451
1452
1453
1454
1455
1432
1430
1433
1431
1415
1427
1426
1410
1363
1364
1365
1366
1373
1368
1369
1370
1371
1372
1374
1375
1376
1377
1381
1382
1383
1384
1386
1387
1388
1389
1391
1393
1394
1395
1396
1397
1398
1399
1400
1280
1278
1305
1286
1302
1316
1323
1327
1285
1287
1290
1296
1292
1291
1293
1294
1295
1297
1298
1299
1300
1301
1303
1304
1306
1307
1308
1309
1310
1311
1313
1312
1314
1317
1318
1319
1320
1321
1324
1325
1326
1328
1329
1256
1208
1207
1212
1213
1214
1215
1216
1217
1221
1222
1223
1224
1225
1226
1227
1228
1229
1230
1231
1232
1233
1237
1238
1239
1240
1241
1242
1243
1244
1245
1246
1247
1248
1249
1250
1168
1169
1170
1171
1202
1203
1204
1205
1104
1103
1218
1219
1220
1209
1210
1211
1235
1234
1100
1251
1252
1253
1201
1199
1200
1196
1197
1198
1192
1193
1194
1195
1191
1187
1185
1186
1188
1190
1189
1183
1182
1181
1184
1180
1179
1175
1177
1176
1172
1173
1174
1162
1166
1167
1160
1161
1158
1156
1155
1154
1148
1149
1153
1151
1152
1150
1147
1146
1145
1077
1142
1143
1141
1144
1130
1132
1131
1129
1126
1128
1122
1123
1124
1125
1092
1116
1117
1118
1119
1120
1121
1115
1111
1112
1114
1113
1109
1108
1110
1105
1107
1106
1101
1099
1097
1098
1096
1095
1093
1094
1089
1090
1091
1083
1084
1085
1086
1087
1088
1078
1079
1082
1080
1081
1076
1074
1075
1073
1070
1071
1072